95 185 165 205 125 100 75 95 185 165 205 125 100 75 95 185 165 205 125 100 75 95 185 165 205 125 100 75 
95 185 165 205 125 100 75 95 185 165 205 125 100 75 95 185 165 205 125 100 75 95 185 165 205 125 100 75 
95 185 165 205 125 100 75 95 185 165 205 125 100 75 95 185 165 205 125 100 75 95 185 165 205 125 100 75 
95 185 165 205 125 100 75 95 185 165 205 125 100 75 95 185 165 205 125 100 75 95 185 165 205 125 100 75 
95 185 165 205 125 100 75 95 185 165 205 125 100 75 95 185 165 205 125 100 75 95 185 165 205 125 100 75 
95 185 165 205 125 100 75 95 185 165 205 125 100 75 95 185 165 205 125 100 75 95 185 165 205 125 100 75 
95 185 165 205 125 100 75 95 185 165 205 125 100 75 95 185 165 205 125 100 75 95 185 165 205 125 100 75 
95 185 165 205 125 100 75 95 185 165 205 125 100 75 95 185 165 205 125 100 75 95 185 165 205 125 100 75 
95 185 165 205 125 100 75 95 185 165 205 125 100 75 95 185 165 205 125 100 75 95 185 165 205 125 100 75 
95 185 165 205 125 100 75 95 185 165 205 125 100 75 95 185 165 205 125 100 75 95 185 165 205 125 100 75 
95 185 165 205 125 100 75 95 185 165 205 125 100 75 95 185 165 205 125 100 75 95 185 165 205 125 100 75 
95 185 165 205 125 100 75 95 185 165 205 125 100 75 95 185 165 205 125 100 75 95 185 165 205 125 100 75 
95 185 165 205 125 100 75 95 185 165 205 125 100 75 95 185 165 205 125 100 75 95 185 165 205 125 100 75 
95 185 165 205 125 100 75 95 185 165 205 125 100 75 95 185 165 205 125 100 75 95 185 165 205 125 100 75 
95 185 165 205 125 100 75 95 185 165 205 125 100 75 95 185 165 205 125 100 75 95 185 165 205 125 100 75 
95 185 165 205 125 100 75 95 185 165 205 125 100 75 95 185 165 205 125 100 75 95 185 165 205 125 100 75 
95 185 165 205 125 100 75 95 185 165 205 125 100 75 95 185 165 205 125 100 75 95 185 165 205 125 100 75 
95 185 165 205 125 100 75 95 185 165 205 125 100 75 95 185 165 205 125 100 75 95 185 165 205 125 100 75 
95 185 165 205 125 100 75 95 185 165 205 125 100 75 95 185 165 205 125 100 75 95 185 165 205 125 100 75 
95 185 165 205 125 100 75 95 185 165 205 125 100 75 95 185 165 205 125 100 75 95 185 165 205 125 100 75 
95 185 165 205 125 100 75 95 185 165 205 125 100 75 95 185 165 205 125 100 75 95 185 165 205 125 100 75 
95 185 165 205 125 100 75 95 185 165 205 125 100 75 95 185 165 205 125 100 75 95 185 165 205 125 100 75 
95 185 165 205 125 100 75 95 185 165 205 125 100 75 95 185 165 205 125 100 75 95 185 165 205 125 100 75 
95 185 165 205 125 100 75 95 185 165 205 125 100 75 95 185 165 205 125 100 75 95 185 165 205 125 100 75 
95 185 165 205 125 100 75 95 185 165 205 125 100 75 95 185 165 205 125 100 75 95 185 165 205 125 100 75 
95 185 165 205 125 100 75 95 185 165 205 125 100 75 95 185 165 205 125 100 75 95 185 165 205 125 100 75 
95 185 165 205 125 100 75 95 185 165 205 125 100 75 95 185 165 205 125 100 75 95 185 165 205 125 100 75 
95 185 165 205 125 100 75 95 185 165 205 125 100 75 95 185 165 205 125 100 75 95 185 165 205 125 100 75 


