5 0 2 1 3 6 2 5 0 2 1 3 6 2 5 0 2 1 3 6 2 5 0 2 1 3 6 2 5 0 2 1 
5 0 2 1 3 6 2 5 0 2 1 3 6 2 5 0 2 1 3 6 2 5 0 2 1 3 6 2 5 0 2 1 
5 0 2 1 3 6 2 5 0 2 1 3 6 2 5 0 2 1 3 6 2 5 0 2 1 3 6 2 5 0 2 1 
5 0 2 1 3 6 2 5 0 2 1 3 6 2 5 0 2 1 3 6 2 5 0 2 1 3 6 2 5 0 2 1 
5 0 2 1 3 6 2 5 0 2 1 3 6 2 5 0 2 1 3 6 2 5 0 2 1 3 6 2 5 0 2 1 
5 0 2 1 3 6 2 5 0 2 1 3 6 2 5 0 2 1 3 6 2 5 0 2 1 3 6 2 5 0 2 1 
5 0 2 1 3 6 2 5 0 2 1 3 6 2 5 0 2 1 3 6 2 5 0 2 1 3 6 2 5 0 2 1 
5 0 2 1 3 6 2 5 0 2 1 3 6 2 5 0 2 1 3 6 2 5 0 2 1 3 6 2 5 0 2 1 
5 0 2 1 3 6 2 5 0 2 1 3 6 2 5 0 2 1 3 6 2 5 0 2 1 3 6 2 5 0 2 1 
5 0 2 1 3 6 2 5 0 2 1 3 6 2 5 0 2 1 3 6 2 5 0 2 1 3 6 2 5 0 2 1 
5 0 2 1 3 6 2 5 0 2 1 3 6 2 5 0 2 1 3 6 2 5 0 2 1 3 6 2 5 0 2 1 
5 0 2 1 3 6 2 5 0 2 1 3 6 2 5 0 2 1 3 6 2 5 0 2 1 3 6 2 5 0 2 1 
5 0 2 1 3 6 2 5 0 2 1 3 6 2 5 0 2 1 3 6 2 5 0 2 1 3 6 2 5 0 2 1 
5 0 2 1 3 6 2 5 0 2 1 3 6 2 5 0 2 1 3 6 2 5 0 2 1 3 6 2 5 0 2 1 
5 0 2 1 3 6 2 5 0 2 1 3 6 2 5 0 2 1 3 6 2 5 0 2 1 3 6 2 5 0 2 1 
5 0 2 1 3 6 2 5 0 2 1 3 6 2 5 0 2 1 3 6 2 5 0 2 1 3 6 2 5 0 2 1 
5 0 2 1 3 6 2 5 0 2 1 3 6 2 5 0 2 1 3 6 2 5 0 2 1 3 6 2 5 0 2 1 
5 0 2 1 3 6 2 5 0 2 1 3 6 2 5 0 2 1 3 6 2 5 0 2 1 3 6 2 5 0 2 1 
5 0 2 1 3 6 2 5 0 2 1 3 6 2 5 0 2 1 3 6 2 5 0 2 1 3 6 2 5 0 2 1 
5 0 2 1 3 6 2 5 0 2 1 3 6 2 5 0 2 1 3 6 2 5 0 2 1 3 6 2 5 0 2 1 
5 0 2 1 3 6 2 5 0 2 1 3 6 2 5 0 2 1 3 6 2 5 0 2 1 3 6 2 5 0 2 1 
5 0 2 1 3 6 2 5 0 2 1 3 6 2 5 0 2 1 3 6 2 5 0 2 1 3 6 2 5 0 2 1 
5 0 2 1 3 6 2 5 0 2 1 3 6 2 5 0 2 1 3 6 2 5 0 2 1 3 6 2 5 0 2 1 
5 0 2 1 3 6 2 5 0 2 1 3 6 2 5 0 2 1 3 6 2 5 0 2 1 3 6 2 5 0 2 1 
5 0 2 1 3 6 2 5 0 2 1 3 6 2 5 0 2 1 3 6 2 5 0 2 1 3 6 2 5 0 2 1 
5 0 2 1 3 6 2 5 0 2 1 3 6 2 5 0 2 1 3 6 2 5 0 2 1 3 6 2 5 0 2 1 
5 0 2 1 3 6 2 5 0 2 1 3 6 2 5 0 2 1 3 6 2 5 0 2 1 3 6 2 5 0 2 1 
5 0 2 1 3 6 2 5 0 2 1 3 6 2 5 0 2 1 3 6 2 5 0 2 1 3 6 2 5 0 2 1 
5 0 2 1 3 6 2 5 0 2 1 3 6 2 5 0 2 1 3 6 2 5 0 2 1 3 6 2 5 0 2 1 
5 0 2 1 3 6 2 5 0 2 1 3 6 2 5 0 2 1 3 6 2 5 0 2 1 3 6 2 5 0 2 1 
5 0 2 1 3 6 2 5 0 2 1 3 6 2 5 0 2 1 3 6 2 5 0 2 1 3 6 2 5 0 2 1 
5 0 2 1 3 6 2 5 0 2 1 3 6 2 5 0 2 1 3 6 2 5 0 2 1 3 6 2 5 0 2 1 